      0/64     2.78G   0.09359   0.03002         0    0.1236        40       640    0.2337    0.4667    0.1834   0.05051   0.04733    0.0158         0
      1/64     3.18G   0.06503   0.02957         0   0.09461        34       640    0.8124    0.8667    0.8842    0.4656    0.0264   0.01118         0
      2/64     3.18G   0.05099   0.02396         0   0.07495        34       640     0.662       0.8    0.7297    0.3889   0.02452   0.00885         0
      3/64     3.18G   0.05037    0.0217         0   0.07207        50       640    0.5592    0.9333    0.7212    0.4106   0.02178  0.008031         0
      4/64     3.18G    0.0438    0.0204         0   0.06419        37       640    0.9997    0.9333    0.9615    0.6584   0.01775  0.007744         0
      5/64     3.18G   0.04285    0.0196         0   0.06244        36       640    0.9994    0.9333    0.9824    0.4885   0.01573  0.007066         0
      6/64     3.18G   0.04033   0.01821         0   0.05854        38       640    0.9998    0.9333     0.988    0.5744   0.01663  0.006923         0
      7/64     3.18G    0.0403   0.01828         0   0.05858        35       640    0.8743    0.9333    0.9143    0.5585   0.02147  0.006769         0
      8/64     3.18G   0.03892   0.01725         0   0.05617        38       640    0.9994    0.9333    0.9851    0.5969   0.01657  0.006312         0
      9/64     3.18G   0.03778   0.01727         0   0.05505        34       640    0.9373         1    0.9826    0.6752   0.01706  0.005519         0
     10/64     3.18G   0.03763   0.01739         0   0.05502        46       640    0.9997    0.9333    0.9825    0.7326   0.01236  0.005527         0
     11/64     3.18G   0.03813   0.01792         0   0.05605        51       640         1    0.8661    0.9738    0.6496   0.01481  0.006491         0
     12/64     3.18G   0.03811   0.01783         0   0.05594        38       640    0.8666    0.8662    0.9087    0.4602   0.01847    0.0079         0
     13/64     3.18G   0.03749   0.01821         0    0.0557        40       640    0.9282    0.8667    0.9438    0.5348   0.01716  0.007549         0
     14/64     3.18G    0.0362   0.01722         0   0.05342        48       640    0.9994    0.8667    0.9501     0.566    0.0191  0.006606         0
     15/64     3.18G   0.03528   0.01754         0   0.05282        41       640    0.9998    0.9333    0.9852    0.5934   0.02139  0.006144         0
     16/64     3.18G   0.03684   0.01882         0   0.05566        42       640         1    0.9332    0.9711    0.5027   0.01932  0.008431         0
     17/64     3.18G   0.03617   0.01805         0   0.05422        41       640    0.5176    0.8667    0.7329    0.3405   0.01675  0.009409         0
     18/64     3.18G   0.03477   0.01839         0   0.05316        51       640    0.9366         1    0.9917     0.537   0.01561  0.006531         0
     19/64     3.18G   0.03378   0.01859         0   0.05238        45       640    0.8328         1    0.9281    0.5447   0.01811  0.007032         0
     20/64     3.18G   0.03546   0.01769         0   0.05315        36       640    0.9998    0.9333    0.9881    0.5321   0.01615  0.007219         0
     21/64     3.18G   0.03335   0.01733         0   0.05068        43       640    0.9333    0.9333    0.9029    0.5453   0.01608  0.006839         0
     22/64     3.18G    0.0328   0.01827         0   0.05107        42       640    0.9375         1    0.9872    0.6523   0.01238  0.006162         0
     23/64     3.18G   0.03059   0.01703         0   0.04762        30       640         1    0.9317    0.9852    0.6069   0.01698  0.006865         0
     24/64     3.18G   0.02982   0.01688         0   0.04669        41       640    0.8823    0.9994    0.9799    0.5906   0.01439  0.006528         0
     25/64     3.18G   0.03069   0.01707         0   0.04776        41       640    0.9372         1    0.9791    0.5635   0.01629  0.007351         0
     26/64     3.18G   0.03028   0.01679         0   0.04706        37       640    0.9997         1    0.9954    0.5313    0.0144  0.006222         0
     27/64     3.18G   0.03042   0.01695         0   0.04737        45       640    0.9999         1    0.9954    0.6391   0.01519  0.006609         0
     28/64     3.18G   0.02895   0.01632         0   0.04527        39       640    0.9998         1    0.9955    0.6481   0.01463  0.006039         0
     29/64     3.18G   0.02915   0.01695         0   0.04609        45       640         1    0.9317    0.9886    0.6547   0.01366   0.00635         0
     30/64     3.18G   0.02772    0.0161         0   0.04383        27       640    0.9998         1    0.9957    0.6192   0.01254  0.005618         0
     31/64     3.18G   0.02536   0.01568         0   0.04104        28       640    0.9999         1    0.9957    0.6562   0.01497  0.006397         0
     32/64     3.18G   0.02662   0.01536         0   0.04197        33       640    0.9997         1    0.9956    0.5902   0.01741  0.006776         0
     33/64     3.18G   0.02733    0.0154         0   0.04273        40       640    0.9999         1    0.9955    0.6269   0.01818  0.005906         0
     34/64     3.18G   0.02646    0.0151         0   0.04156        36       640         1    0.9999    0.9956    0.7025   0.01316  0.005785         0
     35/64     3.18G   0.02554   0.01486         0    0.0404        43       640         1    0.9325    0.9884    0.6429    0.0124  0.006368         0
     36/64     3.18G   0.02554   0.01497         0   0.04051        37       640    0.9998         1    0.9957    0.6459   0.01354  0.005589         0
     37/64     3.18G   0.02541   0.01467         0   0.04008        39       640    0.9999         1    0.9958    0.7037    0.0138  0.005884         0
     38/64     3.18G   0.02485   0.01464         0   0.03949        43       640         1     0.933    0.9886    0.6634   0.01434  0.006346         0
     39/64     3.18G   0.02452    0.0145         0   0.03901        38       640    0.9999    0.9333      0.97    0.7079   0.01184  0.005957         0
     40/64     3.18G   0.02302    0.0142         0   0.03722        40       640         1    0.9997    0.9957    0.7489   0.01131  0.005033         0
     41/64     3.18G   0.02313   0.01438         0   0.03751        39       640    0.9375    0.9998     0.992    0.7089   0.01193   0.00576         0
     42/64     3.18G   0.02392    0.0137         0   0.03762        39       640         1         1    0.9959    0.6814   0.01051  0.005812         0
     43/64     3.18G    0.0244   0.01429         0   0.03869        44       640    0.9332    0.9333    0.9634    0.6748   0.01489  0.006054         0
     44/64     3.18G   0.02289    0.0138         0   0.03668        40       640         1         1    0.9958    0.6834   0.01538  0.005725         0
     45/64     3.18G   0.02301   0.01418         0    0.0372        36       640    0.9995    0.9333    0.9888     0.691   0.01347  0.005807         0
     46/64     3.18G   0.02213   0.01389         0   0.03602        32       640    0.9999         1    0.9958    0.6483    0.0155  0.006112         0
     47/64     3.18G   0.02195   0.01358         0   0.03553        37       640    0.9999         1     0.996    0.7157   0.01276  0.005334         0
     48/64     3.18G   0.02096   0.01318         0   0.03415        42       640         1    0.9999    0.9961    0.6853   0.01351  0.005177         0
     49/64     3.18G   0.02123   0.01318         0   0.03441        38       640         1    0.9999     0.996    0.7653   0.01028  0.004395         0
     50/64     3.18G   0.02106   0.01363         0   0.03469        31       640         1         1    0.9962    0.7311   0.01033  0.004512         0
     51/64     3.18G   0.02153   0.01356         0   0.03508        45       640         1    0.9999    0.9965    0.7641   0.00963  0.004569         0
     52/64     3.18G   0.02024   0.01249         0   0.03273        38       640         1         1    0.9962     0.743    0.0102   0.00464         0
     53/64     3.18G   0.02023   0.01267         0    0.0329        41       640    0.9999         1    0.9962    0.7642  0.009654  0.004749         0
     54/64     3.18G   0.02123   0.01329         0   0.03452        35       640    0.9999         1    0.9966    0.6692   0.01018  0.005312         0
     55/64     3.18G   0.01895   0.01204         0   0.03099        35       640    0.9999         1    0.9964    0.6675   0.01079  0.005592         0
     56/64     3.18G   0.01942   0.01281         0   0.03223        37       640         1         1    0.9966    0.7486  0.009157  0.004516         0
     57/64     3.18G    0.0191   0.01241         0   0.03151        38       640         1         1    0.9968    0.7627  0.009317  0.004392         0
     58/64     3.18G   0.01975    0.0122         0   0.03194        40       640         1         1    0.9968    0.7447  0.009141  0.004714         0
     59/64     3.18G   0.02008   0.01245         0   0.03253        39       640         1         1    0.9965    0.7943  0.009171  0.004808         0
     60/64     3.18G   0.01884   0.01222         0   0.03105        46       640    0.9999         1    0.9962    0.7385  0.009529  0.004756         0
     61/64     3.18G   0.01951   0.01288         0   0.03239        44       640         1         1    0.9963    0.7167  0.009499  0.004819         0
     62/64     3.18G   0.02008   0.01237         0   0.03244        44       640         1         1    0.9966    0.7339  0.008419  0.004943         0
     63/64     3.18G   0.01939    0.0122         0   0.03159        39       640         1    0.9999    0.9964    0.7335  0.009171  0.005058         0
     64/64     3.18G   0.01779   0.01217         0   0.02996        46       640         1    0.9999    0.9963    0.7065  0.008704  0.004733         0
